Secondary Structure Prediction Output (Part of REGAd3p ASA Prediction)
TARGET: AABCC, Length: 38

SR#  AA  SSp  pCoil          pBeta          pHelix
1    D   C    0.796664       0.0223353      0.181001
2    W   H    0.444933       0.108988       0.446079
3    L   H    0.309238       0.124925       0.565837
4    K   H    0.126987       0.105196       0.767817
5    A   H    0.127782       0.080131       0.792087
6    R   H    0.147446       0.068052       0.784502
7    V   H    0.118478       0.0448098      0.836712
8    E   H    0.0700675      0.0191699      0.910763
9    Q   H    0.0604994      0.0130983      0.926402
10   E   H    0.0492056      0.0132215      0.937573
11   L   H    0.0302151      0.0125239      0.957261
12   Q   H    0.0592936      0.0314909      0.909216
13   A   H    0.0333218      0.0244017      0.942276
14   L   H    0.0535875      0.0378361      0.908576
15   E   H    0.0815579      0.0406017      0.87784
16   A   H    0.165554       0.045087       0.789359
17   R   C    0.58567        0.0493514      0.364978
18   G   C    0.793386       0.0307491      0.175865
19   T   C    0.795455       0.0183017      0.186244
20   D   C    0.70886        0.0161233      0.275016
21   S   C    0.549416       0.0118277      0.438756
22   N   H    0.20206        0.00783654     0.790103
23   A   H    0.0513091      0.00669725     0.941994
24   E   H    0.0323391      0.0111038      0.956557
25   L   H    0.0188956      0.0148322      0.966272
26   R   H    0.0395185      0.019712       0.94077
27   A   H    0.0287253      0.0189853      0.952289
28   M   H    0.0434717      0.0131657      0.943363
29   E   H    0.0322163      0.0076204      0.960163
30   A   H    0.0364166      0.00682372     0.95676
31   K   H    0.057584       0.0148284      0.927588
32   L   H    0.0720407      0.0247147      0.903245
33   K   H    0.0792056      0.0227522      0.898042
34   A   H    0.0925123      0.0253823      0.882105
35   E   H    0.147505       0.0397988      0.812696
36   I   H    0.266864       0.0604928      0.672643
37   Q   C    0.666841       0.0497168      0.283442
38   K   C    0.79096        0.0209729      0.188067
END
