labels 4 2 1
4 0.7378 0.205424 0.0567758
4 0.596351 0.345025 0.0586239
4 0.501654 0.329868 0.168478
4 0.591615 0.220102 0.188282
4 0.671974 0.156014 0.172011
4 0.790981 0.0822772 0.126741
4 0.51763 0.0611253 0.421245
1 0.38178 0.0534887 0.564731
1 0.338187 0.0603282 0.601485
1 0.37186 0.0693436 0.558796
1 0.392447 0.0590692 0.548483
1 0.26896 0.0444108 0.68663
1 0.228929 0.0267304 0.744341
1 0.250382 0.0219101 0.727708
1 0.256227 0.0330341 0.710739
1 0.265415 0.0721056 0.66248
1 0.29879 0.136728 0.564483
4 0.483503 0.15819 0.358307
4 0.635753 0.15477 0.209477
4 0.859451 0.0410574 0.0994915
4 0.814963 0.0444002 0.140637
4 0.705026 0.0641004 0.230874
1 0.333129 0.233389 0.433481
2 0.197057 0.635 0.167943
2 0.157351 0.721702 0.120947
2 0.188484 0.72456 0.0869566
4 0.48316 0.39578 0.121059
4 0.609544 0.206991 0.183466
4 0.720048 0.0950233 0.184929
